# Max value = 5.52e-01, Min value = -4.67e-01
x f1 f2 f3 
1 0.000315991 1.13893e-05 1.93131e-05 
2 2.34054e-05 0.000224768 1.33833e-05 
3 5.81742e-06 5.53811e-05 -9.65927e-06 
4 7.23642e-05 6.90574e-05 -0.000101659 
5 -0.000134549 -4.34095e-05 -0.000395606 
6 -3.34868e-05 -9.66099e-05 3.94583e-05 
7 -0.00340692 4.04956e-05 -1.02773e-05 
8 0.00019603 0.000103437 -0.000205226 
9 0.000178664 -0.000164139 3.00822e-05 
10 0.000221997 1.86627e-05 3.80853e-05 
11 -2.62026e-05 -8.39229e-05 0.00015537 
12 -0.000111021 -0.00375156 -0.000309729 
13 -5.49076e-05 5.36645e-05 1.1513e-05 
14 -4.65502e-05 -0.0105274 0.00020544 
15 0.00440936 -0.000827385 -0.0239271 
16 0.0011674 0.000662775 -1.4343e-05 
17 -0.000367872 -0.000603321 -0.00431263 
18 0.000139873 -0.00122568 -0.000240391 
19 0.0244392 -0.00427186 0.0506518 
20 -0.00261217 -0.00246119 0.00273479 
21 -0.00114256 0.00280247 0.000781846 
22 -0.0364952 -0.0980712 0.0601641 
23 0.0219209 -0.00145705 0.00318795 
24 -0.00415383 -0.00345954 -0.000308018 
25 9.67704e-05 -0.000170848 0.000160013 
26 0.00871381 0.000474383 0.0100706 
27 0.000590614 -0.00508173 -0.000591333 
28 -0.236026 -0.0492058 -0.0115325 
29 -0.00121349 -0.0071693 -0.00261582 
30 -0.0337893 -0.0468607 -0.00229013 
31 0.0188017 -0.000432675 -0.000449322 
32 0.0717222 -0.000795338 -0.120654 
33 -0.0647107 -0.107826 -0.0306464 
34 -0.00168161 0.0276378 -0.0012459 
35 -0.000372199 0.00639528 -0.000802574 
36 -0.039214 -0.00733454 -0.0156767 
37 -0.246961 -0.0371136 -0.0115091 
38 -0.0750362 -0.0112515 0.0178609 
39 0.020444 0.0182384 -0.0797606 
40 0.0251964 0.0159797 -0.0260045 
41 -0.021019 0.0804814 0.0620656 
42 0.00127697 -0.0103765 0.206427 
43 0.256956 0.148165 0.282653 
44 -0.063565 0.0435655 0.00753151 
45 0.188544 -0.0855999 0.0163724 
46 0.0498206 0.0944944 -0.106728 
47 0.312309 0.207618 -0.252194 
48 0.0232305 0.0103872 -0.00132344 
49 0.0367873 0.0129217 -0.00396171 
50 -0.198863 -0.239084 -0.0213235 
51 0.00599152 -0.0245149 0.0113162 
52 0.0111265 -0.159777 0.171047 
53 -0.0213888 0.079581 0.0124292 
54 0.103382 0.00434851 0.0505821 
55 -0.000849455 -0.00693015 0.0531751 
56 0.0105795 -0.316568 -0.0758045 
57 0.0190054 -0.0513898 0.00536413 
58 0.165166 0.0234295 -0.149511 
59 -0.00895611 0.318005 -0.172512 
60 0.00856976 0.0133178 -0.00690596 
61 0.0167501 -0.20086 0.551719 
62 0.0800392 0.339587 0.0702583 
63 0.011034 0.0151697 0.0311675 
64 0.0276606 -0.0722643 0.00675387 
65 -0.0178259 -0.0787431 0.10488 
66 -0.119767 -0.0343354 -0.0198935 
67 -0.0115058 -0.0502035 0.0246604 
68 0.00765316 -0.00738702 -0.0378952 
69 0.000620552 -0.0193159 -0.0417593 
70 0.00863137 0.150527 -0.0486877 
71 -0.195874 -0.0441685 -0.0323263 
72 -0.0115197 0.0505079 0.0454587 
73 0.00334982 -0.073075 0.00995891 
74 0.267696 0.0106891 0.140549 
75 -0.127008 -0.0601949 0.0424424 
76 -0.0751643 -0.214293 0.143855 
77 -0.00370473 -0.0722948 -0.05605 
78 -0.0411248 0.0254633 0.0552897 
79 0.155402 0.0725727 -0.205436 
80 0.022586 -0.0284334 -0.325566 
81 0.002736 -0.185949 -0.00250306 
83 0.00514556 0.00229361 -0.00366365 
84 0.116044 -0.000853572 0.0339427 
85 0.0277254 -0.00906984 -0.00490025 
86 -0.46661 0.0335513 -0.080982 
87 0.00332547 -0.00534759 0.00363305 
88 0.0025381 0.00122616 -0.00944448 
89 0.0146002 0.0108815 0.00184866 
90 -0.0340315 -0.0633133 -0.0469122 
91 -0.00171537 -0.0573357 -0.0116247 
92 0.0101033 0.00057494 -0.0335707 
93 0.0422887 0.244043 -0.0414305 
94 0.0449687 -0.15568 -0.0609601 
95 -0.013615 -0.0200973 -0.0011118 
96 0.0023517 0.0161618 0.0214076 
97 0.00273965 -0.00472463 -0.0134483 
98 0.00444027 0.0127055 0.0471303 
99 0.0523943 0.00867375 -0.0428831 
100 0.0122851 0.038521 0.0124826 
101 0.00721554 -0.0104955 -0.0270012 
102 0.0792112 -0.0220396 -0.0819444 
103 0.174436 0.0258016 -0.1887 
104 -0.0037689 -0.0254567 0.00716609 
105 -0.0508947 -0.0290474 0.00334186 
106 -0.0371849 0.000236158 0.00797665 
107 -0.0068778 0.000661231 -0.043618 
108 -0.173446 0.0103584 -0.0128328 
109 -0.113194 -0.155217 0.00118081 
110 0.0452506 -0.0281374 -0.00948057 
111 -0.00163433 0.00839121 0.00701473 
112 0.0574833 -0.151199 -0.0648821 
113 -0.000592256 -0.00662879 -0.0183433 
114 0.00148777 0.00348165 0.0106885 
115 0.00313521 0.00177026 -0.0259611 
116 -0.0764732 0.00260394 0.0617681 
117 -0.00724972 -0.00144229 -0.00750003 
118 -0.0165186 -0.00724966 0.027539 
119 -0.00326622 0.000270493 -0.0158199 
120 -0.175994 0.0173001 -0.00651612 
121 -0.0982225 -0.18988 0.00612146 
122 0.000566536 0.0308598 -0.00916778 
123 -0.00611478 -0.0320448 -0.0941202 
124 0.0151404 0.00142457 0.00224334 
125 0.0071624 0.0590498 0.00515453 
126 -0.0258959 -0.0969034 0.034794 
127 0.00576195 0.00362877 -0.026752 
128 0.0612142 0.039839 0.175575 
129 -0.00174025 0.0215616 0.0193851 
130 0.0160692 -0.0133023 -0.0011193 
131 0.00367661 -0.00206623 -0.00569539 
132 -0.0132437 0.218825 -0.121744 
133 -0.000891015 -0.0110922 -0.00911151 
134 0.00917278 0.00148544 -0.006906 
135 -0.0128026 0.000873607 0.00909231 
136 -0.00493074 -0.0220996 0.00553142 
138 0.0247969 -0.000821079 0.0190505 
139 -0.00694338 -0.116741 -0.0018168 
140 -0.0245239 -0.00430956 -0.00910128 
141 -0.000251371 0.00970542 -0.0112603 
142 0.0105917 -0.00285461 -0.00414268 
143 0.0169364 0.00353882 -0.0103575 
144 -0.000193065 0.000598739 0.00416209 
145 -0.00134209 -0.00152511 0.00372405 
146 -0.0126568 -0.0296141 0.0188529 
147 -0.000297963 0.00139661 0.00337933 
148 0.019629 -0.00657242 0.0350968 
149 -0.0523536 0.0969911 0.0874082 
150 0.00236021 -0.00840935 -0.00560992 
151 -0.00205453 -0.0199008 -0.00593517 
152 0.00214541 -0.0035152 0.00153443 
153 0.00188918 0.00663788 -0.00810587 
154 3.92786e-05 0.00168822 0.00105106 
155 0.00577406 8.48729e-05 0.00303699 
156 -0.0221091 -0.0306878 0.0248554 
157 0.00722898 0.000690711 -0.00788969 
158 0.0132522 -2.45582e-05 0.000788656 
159 -0.0261647 -0.0410413 -0.00329041 
160 0.00271944 -0.00961993 0.00518327 
161 0.00644524 -0.000518293 -0.00305879 
162 -0.0095393 -0.0444869 0.00411105 
163 0.00352195 -0.0772213 -0.00956736 
164 0.000334987 -0.00112907 0.00138756 
165 0.000212027 -0.00376331 0.00194211 
166 0.0036869 -0.0147968 0.00547379 
167 -0.0500628 -0.00521042 -0.0178379 
168 0.00121627 0.000490527 0.00235845 
169 -0.000938865 0.0246611 -0.00600688 
170 -0.0418078 -0.00351537 -0.00836126 
171 -0.0317292 0.00624387 -0.00596871 
172 0.000659542 -0.000735662 0.00216818 
173 0.000233665 -0.00111582 -0.00384636 
174 -5.44421e-06 0.0142766 -0.0193501 
175 -0.00479782 0.00828729 -0.00309746 
176 0.00558553 -0.00410892 0.00142824 
177 -0.0012202 0.000155381 0.00455175 
178 -0.000231692 0.000204852 -0.00263945 
179 -1.30822e-05 0.00124086 0.00056332 
180 -0.00491876 0.000626449 -0.000356013 
181 -8.74965e-06 -0.00738797 -0.0027089 
182 -0.000894682 -0.00213599 -0.00923713 
183 0.00224856 -0.000232395 -0.000692678 
184 -0.000152084 0.00098146 0.00123899 
185 0.00489607 -0.0451141 -0.00301087 
186 0.01018 -0.00457879 -0.0126973 
187 -0.000113286 8.57636e-05 0.000348506 
188 0.00551384 -0.00486189 0.0133061 
189 0.000510958 0.000355735 0.000264287 
190 0.00647304 0.00128731 -0.00935348 
191 0.00148522 -0.00425752 -0.000234014 
192 0.00984581 -0.00425134 -0.00542598 
193 -4.304e-05 0.000103572 0.000380417 
194 0.00254587 0.000897429 1.44872e-05 
195 -6.46165e-05 8.05378e-05 -9.25206e-06 
196 -0.00254276 -0.00633172 0.00365843 
197 0.000401142 -0.000551694 -0.000591077 
198 0.00446844 -0.000316444 -0.00186239 
199 -0.0116615 -0.00108182 0.000696593 
200 -0.00205499 -5.91393e-05 0.000421909 
201 0.000421674 0.000420043 0.000711393 
