# Max value = 2.09e-01, Min value = 0.00e+00
x f1 f2 f3 
1 0.000238711 0.000336305 0.00022573 
2 0.000279264 0.000243942 0.000359686 
3 0.000261562 0.000176149 0 
4 0.000447252 0.000222756 0 
5 0.000273958 0.000117362 0 
6 0 0.000905105 0.000436312 
7 4.64387e-05 0.000680468 0 
8 0.000125429 0.000425228 0 
9 0.000185483 0.000565987 0.000550597 
10 0.0002704 0.000694476 0.00135415 
11 0.000413832 8.57656e-05 0.00149256 
12 0.000289315 0.000742507 0.00310292 
13 0.000304849 0.000508034 0.00563042 
14 0.000247537 0.00062296 0.00787287 
15 0.000218319 0.000111487 0.0113427 
16 0.000380331 0.00041869 0.0182615 
17 0.000334303 0.000877709 0.0246836 
18 0.000275251 0.00173231 0.0340763 
19 0.00195438 0.00132837 0.0423664 
20 0.000490051 0.000628405 0.0522926 
21 0.000251862 0.000439806 0.0643676 
22 0.00113332 0.00103154 0.0751469 
23 0.000436342 0.00263881 0.0886902 
24 0 0.00138632 0.102272 
25 9.00053e-05 0.00119824 0.116193 
26 2.69269e-05 0.00167651 0.128818 
27 0.000611267 0.00171949 0.142072 
28 0.000325115 0.00362497 0.152647 
29 7.14045e-05 0.00461077 0.163429 
30 0.000371047 0.00809909 0.176146 
31 0.000839565 0.0101406 0.18289 
32 0.000556681 0.0117879 0.19383 
33 0.000257788 0.0168143 0.198531 
34 0.00054122 0.0235088 0.202879 
35 0.00040735 0.0307375 0.203711 
36 0 0.037122 0.204627 
37 0.00100171 0.0457619 0.206126 
38 0.000684487 0.0541543 0.209068 
39 0.000778115 0.0653868 0.205435 
40 0.000688648 0.0732976 0.202921 
41 0.00123059 0.0864601 0.200939 
42 0.00174865 0.0959574 0.1943 
43 0.00166693 0.106931 0.188687 
44 0.000548329 0.118449 0.181446 
45 0.000515569 0.129256 0.175805 
46 0.00118454 0.14317 0.16815 
47 0.00107954 0.151504 0.16115 
48 0.00132323 0.161947 0.154111 
49 0.00127527 0.16655 0.146249 
50 0.00146806 0.173903 0.137207 
51 0.00173562 0.180523 0.130149 
52 0.00195777 0.185272 0.123439 
53 0.00246693 0.189084 0.116078 
54 0.00191989 0.192782 0.110856 
55 0.00324314 0.192549 0.102741 
56 0.00435682 0.192943 0.0947757 
57 0.00568695 0.190007 0.0896625 
58 0.00624615 0.188448 0.0826731 
59 0.00732182 0.186531 0.0770366 
60 0.00870538 0.18426 0.070468 
61 0.00994567 0.182338 0.065745 
62 0.0112591 0.176937 0.0609504 
63 0.0134104 0.174018 0.0571102 
64 0.014908 0.171549 0.0524835 
65 0.0177151 0.163083 0.0482049 
66 0.0204001 0.157866 0.0438169 
67 0.0225424 0.155502 0.0416772 
68 0.0250916 0.148272 0.0394756 
69 0.0271972 0.142066 0.0356959 
70 0.0320101 0.138476 0.0331717 
71 0.0362052 0.131678 0.028442 
72 0.0408742 0.12649 0.0292644 
73 0.0437833 0.122131 0.0258911 
74 0.0467417 0.11789 0.0241429 
75 0.0504817 0.112354 0.0220798 
76 0.0550811 0.106586 0.0199523 
77 0.0591382 0.10157 0.0187873 
78 0.0634443 0.0956163 0.0170728 
79 0.0695367 0.0915366 0.0171588 
80 0.0717768 0.0883158 0.0155721 
81 0.0784031 0.081636 0.0145648 
82 0.0824546 0.0787537 0.0130582 
83 0.0870091 0.0722166 0.0110149 
84 0.0892362 0.0697003 0.0118474 
85 0.0961261 0.065425 0.0107161 
86 0.0982734 0.0609601 0.00865971 
87 0.102723 0.057443 0.00522734 
88 0.106073 0.0548157 0.00830499 
89 0.11149 0.0498527 0.00669298 
90 0.114601 0.0471655 0.00674772 
91 0.117419 0.0449161 0.00623266 
92 0.120087 0.039723 0.00566297 
93 0.122199 0.0425648 0.00446331 
94 0.127333 0.0358374 0.00289842 
95 0.12924 0.034503 0.00141202 
96 0.130314 0.0327748 0.00297354 
97 0.134496 0.0290681 0.00305421 
98 0.136179 0.027848 0.00272481 
99 0.136753 0.0258973 0.00259621 
100 0.138932 0.0236939 0.0021335 
101 0.14131 0.022396 0.00102818 
102 0.140693 0.0227729 0 
103 0.142764 0.0197081 0.00169967 
104 0.143311 0.0195875 0.00022051 
105 0.146193 0.0174625 0.00138872 
106 0.145261 0.0152984 0.00141739 
107 0.144828 0.011494 0.00104043 
108 0.145692 0.0155311 0 
109 0.146014 0.0127339 0 
110 0.144748 0.012127 0.000918152 
111 0.144026 0.0108515 0.000808032 
112 0.14169 0.00985415 0 
113 0.142647 0.00941732 0.000208138 
114 0.140372 0.00945929 0 
115 0.140085 0.00622452 0.000701914 
116 0.138391 0.00735189 0 
117 0.135052 0.00683285 0 
118 0.134082 0.00594177 0 
119 0.131316 0.00658033 0 
120 0.131691 0.00518415 0 
121 0.127109 0.00544611 0 
122 0.124872 0.00433638 0 
123 0.12407 0.00428161 0 
124 0.120679 0.00467484 0.00034412 
125 0.119483 0.00332329 0 
126 0.115829 0.00362592 0 
127 0.114502 0.0036494 0 
128 0.109306 0.00305792 0 
129 0.106427 0.00254951 0 
130 0.105067 0.00252723 0 
131 0.101822 0.00255369 0 
132 0.100292 0.00202522 0 
133 0.0967106 0.00230062 0 
134 0.09374 0.00240317 0 
135 0.0914349 0.00206238 0 
136 0.0900009 0.00139417 0 
137 0.0850837 0.00261994 0 
138 0.0830933 0.00127705 0 
139 0.0796108 0.00213453 0 
140 0.0791479 0.00178056 0 
141 0.075491 0.00174203 0 
142 0.0746978 0.00173121 0 
143 0.072722 0.00124196 0.000168426 
144 0.0705921 0.00104052 0 
145 0.0683281 0.00213621 0 
146 0.065216 0.00320297 0 
147 0.063563 0.00196092 7.80292e-05 
148 0.0615359 0.00125977 0.000110416 
149 0.0593425 0.00173553 0 
150 0.0564799 0.00185611 7.71744e-05 
151 0.0557146 0.00194654 0.000108015 
152 0.0547644 0.00129376 0 
153 0.0521931 0.00155447 0.000198062 
154 0.0502463 0.00120609 4.82228e-05 
155 0.0486094 0.00200667 0 
156 0.0464517 0.00136794 0 
157 0.0444792 0.000849099 0 
158 0.0426637 0.0014906 0 
159 0.0413576 0.00142458 0 
160 0.039755 0.0015116 0.000368787 
161 0.0386986 0.00128329 0 
162 0.0369753 0.00124586 0.000554623 
163 0.0354533 0.000894022 0.00015995 
164 0.0344022 0.00134778 0 
165 0.0328108 0.00145851 3.50204e-05 
166 0.0315159 0.00130479 0.000444204 
167 0.0300388 0.000924522 0 
168 0.0286631 0.00116102 0.000471797 
169 0.0278301 0.00159819 0.000555606 
170 0.0270675 0.0011291 0.000324268 
171 0.0262907 0.00070414 0.000557896 
172 0.0244833 0.00118353 0.000498754 
173 0.0236668 0.00130569 0.000462231 
174 0.0226273 0.00119266 0.000370701 
175 0.0214301 0.00111554 0.000397836 
176 0.0208446 0.000985428 0.000446458 
177 0.0198846 0.00121649 0.000439116 
178 0.0196133 5.11377e-05 0.000606875 
179 0.0184158 0.00133872 0 
180 0.017476 0.00129355 0.000495041 
181 0.0171647 0.001275 0.00053543 
182 0.0159414 0.000800268 0.000417859 
183 0.0154029 0.00141946 0.000127888 
184 0.0148521 0.000854773 0.000331783 
185 0.0139759 0.000962917 0.000512162 
186 0.0136732 0.000806381 0.000532591 
187 0.0132827 0.000857053 0.000794894 
188 0.012427 0.00113127 0.000462421 
189 0.0120702 0.000889134 0.000650132 
190 0.0117547 0.00131963 0.00064878 
191 0.0113947 0.000822747 0.000582552 
192 0.0107038 0.000648801 0.000661547 
193 0.0102092 0.000790613 0.000890962 
194 0.00992606 0.000786533 0.000677885 
195 0.00945742 0.00145206 0.00070891 
196 0.00909799 0.000326238 0.000704194 
197 0.00864975 0.000675085 0.000748815 
198 0.00811763 0.000795357 0.000662062 
199 0.00799044 0.000806234 0.000702712 
200 0.00739832 0.000722075 0.000553601 
201 0.00712361 0.000604413 0.000686267 
