% file: run_unaligned_vortex 
% date: 16-Jul-2026 09:33:21 
rank,runid,seed,time,rerr,it
5,1,99991,4.111949,0.118157035383606,50
10,2,99989,10.972384,0.0495405884371449,50
15,2,99989,17.980046,0.0359480681455845,50
20,1,99991,23.394141,0.0204379792633107,50
25,3,99971,33.539727,0.0175758256328079,50
30,3,99971,41.957717,0.0150220721493286,50
35,2,99989,51.100112,0.0104759707502516,50
40,3,99971,60.273288,0.00875830973550435,50
45,3,99971,69.008014,0.00811829606797462,50
50,3,99971,76.836955,0.008068920864187,50
